0 0.821996 0.559021 0.068773 0.055764
0 0.800590 0.506889 0.063258 0.047667
0 0.203270 0.392076 0.014758 0.020097
0 0.219121 0.392632 0.023242 0.024569
0 0.248645 0.402958 0.028258 0.022889
0 0.283820 0.401111 0.029656 0.021778
0 0.300848 0.419646 0.024680 0.022097
0 0.338914 0.431208 0.035391 0.022778
0 0.364406 0.412132 0.023109 0.020542
0 0.387516 0.426222 0.028484 0.031528
0 0.374391 0.514813 0.043937 0.052069
0 0.320195 0.477056 0.038078 0.036444
0 0.258855 0.553222 0.041820 0.084500
0 0.274789 0.488118 0.038078 0.045569
0 0.565293 0.478840 0.051898 0.052153
0 0.682031 0.497563 0.052500 0.052875
0 0.627090 0.870972 0.119273 0.175028
0 0.472785 0.973347 0.107914 0.053306
0 0.259312 0.947264 0.127797 0.105472
0 0.567648 0.519729 0.055547 0.048903
0 0.962680 0.604542 0.074641 0.071000
0 0.709703 0.551840 0.060687 0.062014
0 0.778430 0.655236 0.084578 0.071583
0 0.332496 0.536979 0.043039 0.062375
0 0.301055 0.650069 0.051656 0.093056
0 0.424316 0.566549 0.052336 0.080403
