0 0.236980 0.523181 0.039148 0.056278
0 0.409402 0.675194 0.059086 0.113833
0 0.284801 0.690958 0.060633 0.132806
0 0.340656 0.542938 0.051359 0.061986
0 0.850840 0.694007 0.089523 0.083181
0 0.230738 0.450618 0.039977 0.035542
0 0.241148 0.404715 0.030812 0.026653
0 0.309098 0.401042 0.031227 0.027750
0 0.210293 0.404194 0.020930 0.027750
0 0.225371 0.385583 0.025539 0.025861
0 0.265461 0.397250 0.020578 0.021444
0 0.177180 0.392410 0.019578 0.020292
0 0.267227 0.587076 0.047422 0.076542
0 0.700340 0.598917 0.066695 0.071306
0 0.715336 0.513646 0.055375 0.059792
0 0.456187 0.604014 0.051344 0.077194
0 0.774734 0.870417 0.118641 0.148306
0 0.576258 0.483083 0.050875 0.052889
0 0.877773 0.645674 0.082687 0.071264
0 0.246949 0.907264 0.098727 0.153556
0 0.363246 0.433597 0.034602 0.029694
0 0.313867 0.425424 0.029781 0.020847
0 0.671980 0.961326 0.111445 0.077347
0 0.595922 0.464903 0.037000 0.038361
0 0.443918 0.461618 0.035148 0.033986
0 0.460258 0.446271 0.023438 0.031792
0 0.486465 0.433111 0.032680 0.042750
0 0.373000 0.407347 0.030219 0.021917
0 0.419391 0.540951 0.052469 0.074042
0 0.496438 0.552056 0.051641 0.051833
0 0.266137 0.483201 0.039148 0.047375
0 0.521508 0.653722 0.071312 0.110250
