0 0.274953 0.586972 0.040391 0.060056
0 0.331125 0.544542 0.041125 0.056139
0 0.342508 0.494931 0.041859 0.043083
0 0.345812 0.462299 0.032313 0.024792
0 0.499660 0.482528 0.044789 0.047000
0 0.536742 0.436847 0.038187 0.031333
0 0.473227 0.423792 0.044797 0.036556
0 0.446055 0.460993 0.033047 0.032625
0 0.392078 0.440111 0.030844 0.027417
0 0.381430 0.423139 0.033047 0.022194
0 0.371230 0.410278 0.036273 0.027639
0 0.316016 0.417375 0.028703 0.027639
0 0.263797 0.413479 0.028703 0.025514
0 0.235887 0.401069 0.030305 0.021972
0 0.237480 0.521903 0.036680 0.043944
0 0.241668 0.466625 0.035477 0.036861
0 0.263793 0.448910 0.038273 0.034014
0 0.201203 0.478319 0.034281 0.043222
0 0.214160 0.438632 0.035477 0.029069
0 0.180871 0.417729 0.013555 0.021264
0 0.282738 0.782111 0.078508 0.169556
0 0.610254 0.474090 0.050336 0.051625
0 0.447281 0.573403 0.053781 0.065833
0 0.979398 0.580125 0.041125 0.071694
0 0.936516 0.692208 0.085641 0.076556
0 0.397578 0.657521 0.069687 0.137236
0 0.929129 0.608486 0.083602 0.075306
0 0.676910 0.580743 0.062211 0.066819
0 0.522504 0.693181 0.066523 0.116250
0 0.682719 0.721694 0.086203 0.128083
0 0.811191 0.676153 0.085023 0.082917
0 0.596523 0.529813 0.038641 0.048931
0 0.170703 0.390792 0.014750 0.014167
0 0.189445 0.392924 0.017938 0.019847
0 0.663152 0.471694 0.043758 0.040056
0 0.886301 0.959729 0.138961 0.068264
0 0.677371 0.965160 0.105008 0.069681
0 0.545559 0.584361 0.073430 0.099222
0 0.286332 0.631361 0.044055 0.073111
