0 0.427937 0.432896 0.039844 0.039681
0 0.275652 0.488646 0.037008 0.033653
0 0.237652 0.533597 0.036164 0.044194
0 0.266328 0.409285 0.024016 0.023597
0 0.239063 0.408028 0.027688 0.024111
0 0.190328 0.398236 0.022891 0.018583
0 0.556164 0.468611 0.053453 0.055833
0 0.635223 0.557438 0.058961 0.051931
0 0.497332 0.481389 0.042758 0.038750
0 0.462691 0.949444 0.114289 0.095083
0 0.326355 0.416861 0.034852 0.035861
0 0.762918 0.409319 0.037430 0.050444
0 0.965617 0.707667 0.064375 0.065278
0 0.686523 0.742688 0.090188 0.116347
0 0.271941 0.832722 0.080508 0.161889
0 0.275813 0.707993 0.062688 0.101264
0 0.608117 0.889674 0.110719 0.182292
0 0.768801 0.568944 0.067367 0.067306
0 0.814422 0.519597 0.059906 0.057917
0 0.772852 0.652861 0.078312 0.090583
0 0.595117 0.465597 0.035391 0.040611
0 0.379207 0.617750 0.058836 0.093694
0 0.478457 0.610472 0.062930 0.084583
0 0.398410 0.447708 0.032211 0.027111
0 0.308145 0.469056 0.039836 0.034667
