0 0.347609 0.427458 0.035875 0.031889
0 0.779273 0.542826 0.044672 0.039958
0 0.733281 0.625493 0.071875 0.066264
0 0.449715 0.964181 0.115883 0.071639
0 0.654301 0.519056 0.049680 0.038111
0 0.560852 0.510090 0.048672 0.048569
0 0.289469 0.501903 0.037484 0.041806
0 0.745027 0.559569 0.055695 0.054778
0 0.396125 0.691528 0.059344 0.093444
0 0.240484 0.466326 0.041906 0.049708
0 0.502387 0.554028 0.049195 0.056472
0 0.267316 0.539250 0.040164 0.069194
0 0.620637 0.550562 0.052273 0.055542
0 0.866848 0.720812 0.096039 0.097514
0 0.173832 0.412611 0.013555 0.021333
0 0.196090 0.437035 0.024773 0.026153
0 0.222031 0.426375 0.030969 0.025472
0 0.216414 0.400562 0.032906 0.028903
0 0.358059 0.419257 0.028102 0.022931
0 0.436918 0.437167 0.033539 0.037444
0 0.428340 0.498868 0.042898 0.052681
0 0.367500 0.508576 0.046016 0.061014
0 0.666613 0.491937 0.049914 0.027736
0 0.207227 0.482778 0.031953 0.053889
