0 0.328020 0.541375 0.038570 0.062972
0 0.292254 0.506646 0.039008 0.062097
0 0.251699 0.551090 0.041086 0.049458
0 0.322051 0.417250 0.041477 0.034167
0 0.333816 0.486021 0.042555 0.046042
0 0.290766 0.439229 0.041109 0.040931
0 0.261371 0.453840 0.036586 0.033625
0 0.734910 0.799132 0.114664 0.168625
0 0.918547 0.552326 0.068141 0.053208
0 0.213066 0.401951 0.021383 0.017542
0 0.194379 0.388062 0.022648 0.020458
0 0.183051 0.422417 0.016445 0.021917
0 0.261988 0.484542 0.037820 0.042389
0 0.260551 0.405604 0.028367 0.027764
0 0.400008 0.416576 0.035859 0.033292
0 0.372715 0.475562 0.036930 0.042819
0 0.432117 0.509813 0.047625 0.067542
0 0.913605 0.592014 0.082945 0.057083
0 0.273695 0.397937 0.017703 0.015347
0 0.293238 0.778486 0.072430 0.150000
0 0.737738 0.492535 0.051555 0.051847
0 0.748547 0.577972 0.070609 0.064361
0 0.544289 0.733528 0.073797 0.110306
0 0.301063 0.596229 0.042797 0.074347
0 0.897281 0.460250 0.070922 0.064389
0 0.508844 0.566375 0.054641 0.063167
