0 0.231344 0.469312 0.035969 0.034681
0 0.990824 0.642319 0.018023 0.057972
0 0.368496 0.439236 0.028039 0.028722
0 0.340914 0.419465 0.028953 0.022764
0 0.464199 0.452597 0.036570 0.030556
0 0.298242 0.404292 0.027125 0.018417
0 0.253598 0.401042 0.023773 0.022750
0 0.263035 0.416208 0.026227 0.011917
0 0.223875 0.405104 0.025906 0.021125
0 0.324000 0.444924 0.039016 0.044431
0 0.274625 0.463896 0.035359 0.032514
0 0.269746 0.437340 0.032914 0.027097
0 0.237746 0.442764 0.034133 0.027083
0 0.516500 0.432771 0.044625 0.037708
0 0.561672 0.452278 0.034016 0.036417
0 0.543699 0.585958 0.056586 0.077639
0 0.438078 0.582187 0.048578 0.062819
0 0.623305 0.679708 0.078016 0.101861
0 0.292566 0.503799 0.040148 0.049764
0 0.552844 0.472118 0.052297 0.055625
0 0.262273 0.898542 0.121719 0.191667
0 0.778332 0.642958 0.087617 0.117111
0 0.842543 0.615944 0.072773 0.069472
0 0.616543 0.497646 0.051570 0.059653
0 0.285625 0.625569 0.053938 0.103528
0 0.700043 0.537701 0.057023 0.058625
0 0.476270 0.632667 0.059898 0.081889
0 0.328813 0.540056 0.043469 0.061778
0 0.736105 0.518403 0.052773 0.050639
0 0.660641 0.467965 0.044500 0.042597
0 0.188980 0.438965 0.017680 0.033597
0 0.461453 0.520868 0.053031 0.063069
0 0.379512 0.513701 0.043414 0.057458
0 0.385301 0.484118 0.035695 0.037736
0 0.403109 0.445465 0.036844 0.042264
