0 0.193320 0.444458 0.023641 0.024250
0 0.193609 0.475875 0.011906 0.032417
0 0.853082 0.942514 0.107055 0.108250
0 0.273965 0.839493 0.085648 0.135764
0 0.507133 0.464465 0.040359 0.037986
0 0.830715 0.612056 0.071617 0.062139
0 0.423809 0.421687 0.037070 0.034153
0 0.239656 0.521167 0.040266 0.063167
0 0.985582 0.636264 0.028383 0.087583
0 0.307414 0.527917 0.047016 0.065278
0 0.633441 0.561507 0.050008 0.050625
0 0.341188 0.411000 0.028281 0.016806
0 0.663984 0.518535 0.052031 0.051792
0 0.344719 0.494556 0.039156 0.036000
0 0.294629 0.465750 0.038883 0.038889
0 0.333789 0.430139 0.028203 0.019722
0 0.382117 0.626201 0.050766 0.073236
0 0.862680 0.697778 0.103641 0.081972
0 0.434145 0.897542 0.103133 0.194639
0 0.596840 0.640667 0.069320 0.082361
0 0.564090 0.486042 0.047102 0.037750
0 0.566297 0.447729 0.047312 0.032903
0 0.253633 0.403194 0.030031 0.028056
0 0.231141 0.399347 0.014391 0.021361
0 0.188422 0.393049 0.023828 0.019819
0 0.180641 0.416444 0.013641 0.020833
