0 0.499820 0.556868 0.065250 0.073042
0 0.722699 0.548438 0.064523 0.070153
0 0.595125 0.528715 0.048922 0.060597
0 0.839027 0.618604 0.091758 0.080875
0 0.532348 0.674667 0.070008 0.105194
0 0.447813 0.457743 0.046500 0.048264
0 0.440617 0.581764 0.052109 0.067083
0 0.342871 0.543014 0.040086 0.067778
0 0.491508 0.462472 0.038531 0.040222
0 0.626020 0.499549 0.052102 0.053181
0 0.350566 0.470861 0.043086 0.055333
0 0.249453 0.521319 0.045156 0.079861
0 0.971273 0.718396 0.057453 0.087958
0 0.834797 0.551931 0.079391 0.071583
0 0.177074 0.389771 0.026711 0.019458
0 0.199848 0.398722 0.021461 0.021806
0 0.217363 0.400674 0.014445 0.016347
0 0.286332 0.403785 0.022773 0.021014
0 0.326398 0.416243 0.030219 0.021014
0 0.384203 0.425194 0.023203 0.023361
0 0.431496 0.422472 0.030211 0.033472
0 0.364059 0.435312 0.038102 0.031153
0 0.255461 0.458667 0.031094 0.028028
0 0.243641 0.431417 0.035469 0.032694
0 0.517012 0.437688 0.048133 0.043681
