0 0.766156 0.642278 0.077375 0.085111
0 0.369398 0.587653 0.046719 0.076750
0 0.443539 0.502944 0.049437 0.066778
0 0.401004 0.677424 0.060992 0.114903
0 0.657918 0.699174 0.088586 0.113542
0 0.544996 0.502125 0.044727 0.050056
0 0.308668 0.521285 0.039961 0.057486
0 0.650879 0.573160 0.051320 0.038792
0 0.628617 0.510549 0.052250 0.047597
0 0.703902 0.503556 0.056852 0.056694
0 0.920125 0.651618 0.100234 0.102764
0 0.498109 0.628722 0.066484 0.102194
0 0.597602 0.826569 0.094047 0.139778
0 0.418906 0.434785 0.039063 0.028347
0 0.467355 0.445715 0.040336 0.036431
0 0.970551 0.848618 0.057570 0.154264
0 0.664332 0.965847 0.105961 0.068306
0 0.234629 0.922083 0.125992 0.155833
0 0.548937 0.459396 0.037906 0.036681
0 0.532934 0.447792 0.030320 0.032944
0 0.467316 0.418681 0.032258 0.019333
0 0.410113 0.414347 0.043133 0.025333
0 0.869867 0.931986 0.140891 0.136028
0 0.344609 0.420444 0.034062 0.023111
0 0.344145 0.401694 0.037992 0.022806
0 0.297555 0.418451 0.030359 0.023542
0 0.262504 0.413792 0.023180 0.019139
0 0.237391 0.400299 0.020422 0.019625
0 0.218211 0.403486 0.021250 0.019139
0 0.187859 0.392201 0.017391 0.015208
0 0.172680 0.397354 0.015734 0.015708
0 0.200000 0.449847 0.024016 0.030417
0 0.250090 0.446910 0.034773 0.028458
0 0.257266 0.480757 0.035875 0.038264
0 0.332375 0.482493 0.038922 0.042542
0 0.379996 0.478410 0.045211 0.036958
0 0.374797 0.520097 0.043516 0.047278
