0 0.282715 0.652715 0.056102 0.099875
0 0.765852 0.602361 0.068687 0.075500
0 0.559059 0.775174 0.082117 0.124764
0 0.835090 0.689382 0.090305 0.084542
0 0.555629 0.460847 0.035242 0.038972
0 0.502848 0.649896 0.069930 0.107847
0 0.245195 0.468882 0.037844 0.045958
0 0.352063 0.438153 0.024984 0.019639
0 0.396699 0.429840 0.020930 0.020986
0 0.825617 0.553174 0.072453 0.071042
0 0.222176 0.936132 0.114414 0.127736
0 0.434820 0.949444 0.122797 0.101111
0 0.971438 0.720563 0.057125 0.089264
0 0.622512 0.450632 0.048523 0.028097
0 0.632531 0.477340 0.052969 0.031653
0 0.616168 0.503007 0.049789 0.039542
0 0.313840 0.477139 0.040133 0.026889
0 0.214121 0.391368 0.015195 0.018875
0 0.197094 0.393646 0.020687 0.016931
0 0.272273 0.408931 0.026687 0.022056
0 0.303969 0.403187 0.030938 0.021458
0 0.322746 0.419500 0.028383 0.021444
0 0.262379 0.544882 0.041086 0.054486
0 0.383242 0.485042 0.039953 0.039361
0 0.463891 0.467375 0.035813 0.043306
0 0.323359 0.528215 0.047531 0.066153
0 0.485961 0.466681 0.033984 0.043111
