0 0.184824 0.388465 0.020805 0.022653
0 0.850078 0.562396 0.061766 0.079153
0 0.718422 0.604090 0.064609 0.080347
0 0.528711 0.726479 0.068359 0.103097
0 0.172641 0.393271 0.018312 0.020125
0 0.306184 0.413299 0.020102 0.019597
0 0.575605 0.480167 0.052039 0.051056
0 0.482926 0.471910 0.041492 0.029542
0 0.211707 0.399799 0.025102 0.030292
0 0.249812 0.395417 0.026000 0.021528
0 0.258105 0.550417 0.042586 0.051000
0 0.266172 0.482285 0.043484 0.039042
0 0.454523 0.520806 0.046359 0.054444
0 0.345219 0.490938 0.044656 0.053681
0 0.373078 0.441035 0.032328 0.026458
0 0.407527 0.434604 0.031477 0.022681
0 0.816230 0.928771 0.146195 0.142458
0 0.431109 0.939326 0.136141 0.121347
0 0.481898 0.438812 0.040453 0.028486
0 0.386320 0.626479 0.060344 0.094069
0 0.613719 0.476444 0.036594 0.034639
0 0.585938 0.523118 0.047500 0.045514
0 0.456922 0.587201 0.055906 0.070347
0 0.276934 0.604681 0.046836 0.076667
0 0.785410 0.561993 0.099039 0.095264
